MICROSAT-R DEB          
1 44134U 19006V   20174.41671131  .00016095  14248-5  19296-3 0  9995
2 44134  96.0467 333.7157 0479877 321.3560  35.4204 14.85662621 65786
MICROSAT-R DEB          
1 44147U 19006AJ  20173.91232316  .00252608  22264-4  65288-3 0  9991
2 44147  95.6992 322.7830 0135908 282.5304  76.0794 15.81142022 66075
MICROSAT-R DEB          
1 44160U 19006AX  20174.49215578  .00586837  11060-3  19064-2 0  9996
2 44160  95.2396 280.8053 0159054 345.0759  14.5842 15.73278977 64341
MICROSAT-R DEB          
1 44381U 19006DC  20174.13400219  .00051582  74883-6  62569-3 0  9998
2 44381  94.6362 236.7654 0632323  39.1941 325.3331 14.52332484 57324
MICROSAT-R DEB          
1 44382U 19006DD  20173.78218766  .00114122  36448-5  74975-3 0  9991
2 44382  94.6877 270.0811 0302854 203.1955 155.5386 15.33170604 60571
MICROSAT-R DEB          
1 44383U 19006DE  20174.36429503  .00026776  74079-6  45268-3 0  9993
2 44383  96.1850 305.6869 0819710 119.1222 249.4533 14.05878177 56249
MICROSAT-R DEB          
1 44463U 19006DM  20173.75395873  .00218904  71910-5  30578-2 0  9999
2 44463  95.8568 276.2506 0751798 175.9986 184.7707 14.23899576 49308
