GOES 1 (SMS-C) [-]      
1 08366U 75100A   20187.39455867 -.00000161  00000-0  00000+0 0  9999
2 08366   9.9188 304.7684 0001180 336.6645  51.3076  1.00232982163420
GOES 2 [-]              
1 10061U 77048A   20186.67896867 -.00000309  00000-0  00000-0 0  9991
2 10061  11.3752 314.9265 0014194   5.2540 354.6992  0.99401742 24666
GOES 3 [-]              
1 10953U 78062A   20186.90408323 -.00000153  00000-0  00000+0 0  9996
2 10953  11.6312 318.9483 0002796  69.2105 321.6253  0.99358635107005
GOES 4 [-]              
1 11964U 80074A   20186.74015601 -.00000319  00000-0  00000+0 0  9994
2 11964  12.5224 322.7134 0034789  50.1123 322.3507  0.99233711106064
GOES 5 [-]              
1 12472U 81049A   20187.44239707 -.00000268  00000-0  00000+0 0  9998
2 12472  13.0903 333.4492 0001672  27.2407   6.4050  1.00229925101175
GOES 6 [-]              
1 14050U 83041A   20186.90965544 -.00000231  00000-0  00000+0 0  9991
2 14050  13.5122 338.5442 0003254  84.7885 102.4312  1.00232484194268
GOES 7 [-]              
1 17561U 87022A   20186.87955904 -.00000379  00000-0  00000-0 0  9993
2 17561  14.7740 354.7710 0007071  23.5058 346.1640  0.99902168105251
GOES 8 [-]              
1 23051U 94022A   20186.55008003 -.00000062  00000-0  00000+0 0  9994
2 23051  12.5548  29.4329 0006475 351.6103  11.5707  0.98903477102627
GOES 9 [-]              
1 23581U 95025A   20186.70659793 -.00000023  00000-0  00000-0 0  9999
2 23581  12.0430  29.4146 0006615  59.6036 174.4739  0.98797962 91286
GOES 10 [-]             
1 24786U 97019A   20187.28657851 -.00000171  00000-0  00000+0 0  9992
2 24786  10.6206  35.0854 0024473 186.1694 170.6218  0.99126204 84521
GOES 11 [-]             
1 26352U 00022A   20186.72741955  .00000011  00000-0  00000+0 0  9990
2 26352   7.2001  64.8167 0000436 290.9962 270.3771  0.99039717 73475
GOES 12 [-]             
1 26871U 01031A   20187.08313208 -.00000183  00000-0  00000+0 0  9994
2 26871   8.2648  52.6709 0006053 293.0254  77.1426  0.99136892 69191
GOES 13 [B]             
1 29155U 06018A   20187.37063128  .00000025  00000-0  00000+0 0  9991
2 29155   0.1119 244.5999 0006575 299.8349 294.4305  1.00275913 51725
GOES 14 [S]             
1 35491U 09033A   20187.42116505 -.00000104  00000-0  00000+0 0  9994
2 35491   0.3648  97.9980 0008817 113.9947 119.1426  1.00270597 40363
GOES 15 [+]             
1 36411U 10008A   20187.40493063  .00000045  00000-0  00000+0 0  9999
2 36411   0.0797 261.3375 0003083 173.1344 226.9218  1.00266235 37874
GOES 16 [+]             
1 41866U 16071A   20187.31577082 -.00000259  00000-0  00000+0 0  9997
2 41866   0.0100 151.6585 0001028 336.6509 193.9206  1.00271167 13315
GOES-S [+]              
1 43226U 18022A   20186.68388882  .00000087  00000-0  00000+0 0  9992
2 43226   0.0580 232.7299 0000583 243.1373 276.2751  1.00273622  8646
